376656
376657
376658
376659
376660
376661
376662
376663
376664
376665
376666
376667
376668
376669
376670
376671
376672
376673
376674
376675
376676
376677
376678
376679
376680
376681
376682
376683
376684
376685
376686
376687
376688
376689
376690
376691
376692
376693
376694
376695
376696
376697
376698
376699
376700
376701
376702
376703
376704
376705
376706
376707
376708
376709
376710
376711
376712
376713
376714
376715
376716
376717
376718
376719
376720
376721
376722
376723
376724
376725
376726
376727
376728
376729
376730
376731
376732
376733
376734
376735
376736
376737
376738
376739
376740
376741
376742
376743
376744
376745
376746
376747
376748
376749
376750
376751
376752
376753
376754
376755
376756
376757
376758
376759
376760
376761
376762
376763
376764
376765
376766
376767
376768
376769
376770
376771
376772
376773
376774
376775
376776
376777
376778
376779
376780
376781
376782
376783
376784
376785
376786
376787
376788
376789
376790
376791
376792
376793
376794
376795
376796
376797
376798
376799
79740
79869
79870
79871
80503
80527
80849
81208
81210
